Classifier:   0
0.349747390
-0.128611654
0.309157729
0.297150612
0.190032452
-0.086213820
-0.336238503
-0.045783486
0.203443944
0.098115884
-0.076713525
-0.120949328
-0.086232997
-0.139165178
-0.276614368
-0.283085734
-0.245206937
-0.312715709
-0.513016284
-0.390308529
-0.334280103
-0.336824745
-0.177791759
0.112662770
0.207474709
0.157925263
0.137068495
0.112086177
0.197817042
0.100850195
-0.072925530
0.048980460
-0.008867965
-0.089431427
-0.106578708
-0.022935910
0.037443914
-0.085619479
-0.510886431
-1.214102864
-1.962813258
-2.359700441
-2.958423138
-2.788637638
-2.375242472
-2.362300396
-2.096635580
-1.776237130
-1.378526211
-1.141071200
-0.954549551
-0.714030325
-0.567303121
-0.368676275
-0.183429018
-0.079251073
-0.014367536
0.041356064
0.199776858
0.234566644
0.224846125
0.135845900
0.173224479
0.313597411
0.149386093
0.322759151
0.346068233
0.393212795
0.498893648
0.548333108
0.425059199
0.606060982
0.496225774
0.483943760
0.572963655
0.734514236
0.612574160
0.538964927
0.431745738
0.594332755
0.520026326
0.487143099
0.232475817
0.185996771
0.227425531
0.091894478
0.184890956
0.242102325
0.006013411
-0.168758035
-0.136136696
-0.125038579
0.010463652
-0.016976131
0.057890844
0.173361614
0.051907483
-0.058788728
-0.272979915
-0.098854110
0.190235272
0.080371045
0.103744484
-0.171731934
-0.339918673
0.053838391
0.060531281
0.234558895
0.193250090
-0.355678201
-0.122502811
-0.140570834
0.345782220
0.266801238
-0.106676236
-0.365234733
0.039887700
-0.126294166
-0.239587292
-0.406552941
0.141035944
-0.216553792
-0.317574292
0.016719449
0.280535102
-0.062344417
0.032166831
0.171034038
Classifier:   1
-0.111651756
-0.033993404
-0.014562063
-0.096149944
-0.090591267
-0.020860741
-0.062510580
-0.049993202
-0.075587839
-0.000401772
-0.084981993
-0.081416897
-0.065482505
-0.086344518
-0.063280649
-0.088409826
-0.080239013
-0.091396786
-0.048845515
-0.062376577
-0.089726456
-0.080290705
-0.056599319
-0.065418921
-0.072483636
-0.053346850
-0.076586924
-0.074780665
-0.041618824
-0.045667764
-0.055712167
-0.059103858
-0.053983629
-0.055977739
-0.063814186
-0.086852595
-0.072897688
-0.065779008
-0.064098641
-0.067624904
-0.067494176
-0.080450527
-0.087792046
-0.040355690
-0.056358565
-0.087274656
-0.059680022
-0.033071805
-0.019043565
-0.035751432
-0.031247638
-0.029361498
-0.009831454
0.007107694
0.011306166
-0.008467684
0.009018451
-0.005711667
0.002620674
0.040498693
0.074397944
0.049715288
0.049353268
0.025113426
0.058789004
0.078846499
0.084241711
0.084382027
0.102240533
0.150254354
0.144563451
0.134449020
0.143155858
0.151039585
0.169551820
0.165965617
0.193489462
0.197402716
0.174442500
0.173129469
0.155913681
0.124652907
0.136077821
0.139247000
0.116981722
0.131894484
0.097632043
0.111644134
0.127908200
0.163318768
0.100054063
0.120807931
0.158024967
0.108227737
0.186459929
0.184508160
0.154782191
0.156957090
0.102157250
0.061906885
0.110126212
0.174585164
0.203171343
0.091463737
0.101687983
0.081652030
0.180251122
0.054754846
0.057930678
0.067051120
0.134982631
-0.065526858
0.037683148
-0.033620708
-0.030505475
-0.013907019
-0.013057014
0.016716257
0.135741964
-0.041201040
0.016998321
0.052352704
-0.045982696
0.011701280
-0.113947973
0.077501394
-0.020722048
0.078215472
Classifier:   2
0.362705916
0.619890630
2.117504835
1.538411617
1.533132195
1.319990873
1.293856740
0.519950509
0.097250298
0.639550388
0.672904670
-0.108668715
-0.769649744
-0.589913189
-0.307328254
0.293914467
-0.181275949
0.290624350
0.358468443
-0.654454589
-0.016982421
-0.051718462
-0.095603235
-0.309189171
-0.347785592
-0.172032744
-0.955958426
-0.411920786
-0.414539039
-1.069215298
-0.980931878
-1.338395953
-1.511553288
-1.169334292
-1.448045135
-1.639374971
-1.676703215
-1.364587069
-1.537043691
-1.246834636
-1.412429690
-2.623798847
-2.725042105
-3.755081654
-4.366324902
-3.363860130
-2.645562410
-2.599276304
-1.318833947
-0.636261463
0.325361729
0.817358077
1.467368245
1.983989716
2.431477070
2.752272606
3.146272421
3.259723663
3.810572147
3.676616430
3.461125612
3.073716879
2.649127483
1.733138442
1.363596082
0.537197649
0.285240680
-0.590873837
-1.639692545
-1.898264289
-2.313181877
-2.176628590
-2.362758160
-2.975822210
-2.753517389
-2.454960823
-2.707062006
-2.856098652
-1.956277847
-2.995669365
-1.758195400
-1.851008415
-0.905004144
-0.720118701
-1.211731553
-0.743874013
-0.606399059
-0.639027178
-1.107486606
-0.752147436
-1.420837641
-1.303093672
-0.593455195
-1.749615192
-1.226686239
-0.954304814
-0.598406672
-0.796571016
0.737561464
0.425687045
0.625942886
1.301024199
0.999889553
1.336332560
0.906446457
1.381198645
0.636577904
1.406771541
1.840753555
0.730534315
1.826612711
1.538125277
1.177695870
0.826472282
1.333394051
0.984020114
0.977813482
0.958159506
1.037845016
0.096374772
1.172388434
1.396368861
1.045055509
0.658200204
1.248555899
0.875172377
1.282726884
1.201599717
Classifier:   3
-0.094667152
-0.060875069
-0.044216476
-0.102588437
-0.075690739
-0.039840437
-0.086243652
-0.073889352
-0.078782149
-0.032587621
-0.070208132
-0.059133124
-0.058759168
-0.043947533
-0.051411387
-0.056799714
-0.057354707
-0.088643283
-0.045963019
-0.058726445
-0.076512173
-0.064798407
-0.051879980
-0.053939085
-0.066794321
-0.058353372
-0.081333689
-0.065514922
-0.057842694
-0.057579152
-0.047233313
-0.050399031
-0.041107893
-0.043208890
-0.049818385
-0.067754246
-0.076233000
-0.064913608
-0.044090889
-0.029897707
-0.019010369
-0.012025552
-0.003117444
0.030061986
0.012024467
0.014083017
0.041866567
0.046233095
0.061077673
0.054369964
0.047987126
0.043162454
0.066138417
0.080260113
0.094059780
0.071282864
0.083855726
0.067506135
0.072517037
0.079062149
0.100366324
0.089499950
0.081577219
0.078105547
0.101800643
0.095509805
0.105113998
0.104933597
0.108353458
0.135456949
0.123296961
0.104661986
0.103125542
0.115306020
0.125527143
0.117216654
0.120763518
0.116143636
0.136089250
0.122872800
0.108734444
0.094819136
0.100050651
0.108199678
0.091191873
0.116455376
0.099586725
0.122020312
0.101758920
0.097026080
0.079288192
0.090692528
0.096087761
0.057517044
0.124198630
0.130737677
0.123159997
0.077828579
0.064193279
0.046564501
0.090139195
0.129020348
0.140622362
0.067442000
0.063637264
0.067307174
0.110655174
0.031316295
0.020948380
0.058922257
0.085609473
-0.006931755
0.025394881
-0.042104416
-0.027156621
-0.000561560
0.006094592
0.062429842
0.124071568
-0.031380519
0.038062703
0.027078656
-0.021715136
0.017887540
-0.020935686
0.097777084
-0.002055306
0.074410424
Classifier:   4
-0.156773716
-0.319070965
-0.285605699
-0.293476790
-0.252970427
-0.267839700
-0.342102945
-0.177979127
-0.231226981
-0.226286262
-0.297869384
-0.204766631
-0.112865806
-0.259042948
-0.184016436
-0.106884539
-0.054259717
-0.028303763
0.000936602
-0.070576854
-0.121861912
-0.129921749
-0.181692332
-0.218183964
-0.180085078
-0.139452890
-0.211374238
-0.231675550
-0.212597340
-0.229854658
-0.188112840
-0.153037250
-0.137088984
-0.060428783
-0.121986836
-0.128936261
-0.130371183
-0.050335921
0.021130361
0.259605497
0.428393662
0.523428977
0.722203135
0.707434714
0.769256294
0.803542674
0.829342663
0.825221360
0.865332365
0.805846870
0.728681564
0.712719321
0.709077299
0.687534869
0.665585816
0.558213174
0.567589045
0.631587148
0.496696591
0.494090587
0.474708170
0.418952495
0.382979155
0.328412712
0.261031926
0.091697775
0.043036979
0.002784460
-0.175006017
-0.306530833
-0.309887886
-0.377365083
-0.498050034
-0.519117177
-0.649403214
-0.516729593
-0.589435816
-0.687341690
-0.733598351
-0.643218815
-0.594374120
-0.412480026
-0.310341984
-0.084840015
0.004200141
0.164038330
0.213964313
0.229857668
0.213470697
0.071408950
0.085027218
-0.099961810
-0.177163213
-0.192418113
-0.089891084
-0.259255081
-0.255093068
-0.330160826
-0.192317799
-0.220010087
-0.135579571
-0.120378427
-0.098295815
-0.103368148
-0.065013915
-0.063218102
-0.013084819
-0.011733743
-0.056393523
0.267827034
0.172821075
0.241747767
0.131719828
0.345254958
0.133640185
0.021238955
0.106292337
0.470750421
0.185083494
0.132818446
0.146741539
0.288221389
0.062693432
-0.025546100
0.148725197
0.083303399
0.404159158
0.140654474
Classifier:   5
0.105959266
0.054035570
0.061110564
0.136847258
0.092815667
0.041977998
0.077140473
0.071611807
0.082631506
0.023457477
0.081457317
0.073362455
0.066587143
0.066676185
0.062483914
0.076224275
0.071531184
0.086221375
0.059299365
0.054255612
0.071799085
0.065100446
0.058767051
0.055551797
0.062072836
0.061881356
0.086756848
0.076130979
0.053422239
0.043137293
0.037277307
0.042681325
0.047354754
0.046861403
0.041509859
0.072336286
0.084581532
0.058523055
0.056269977
0.052013204
0.053480804
0.070952639
0.055535249
0.006836177
0.022995710
0.041464116
0.024995150
0.015678219
-0.012251939
-0.000062508
0.003332949
-0.001681250
-0.013366916
-0.037042852
-0.037659999
-0.029637825
-0.045886092
-0.021993751
-0.032421116
-0.042720556
-0.077062391
-0.068978667
-0.052856676
-0.056053117
-0.078803845
-0.095399998
-0.105728798
-0.110233627
-0.129148141
-0.165517852
-0.167915687
-0.149335310
-0.150415286
-0.158558488
-0.182129651
-0.174289867
-0.189749837
-0.163132995
-0.164954841
-0.177425727
-0.155769140
-0.141637251
-0.145978972
-0.141776934
-0.091336973
-0.113039449
-0.122214332
-0.138503715
-0.123682596
-0.132016003
-0.086648263
-0.108538762
-0.120209135
-0.066374108
-0.178077936
-0.143035829
-0.148239717
-0.124621727
-0.073348582
-0.046964582
-0.097842604
-0.131662726
-0.169233412
-0.078149013
-0.079830803
-0.065750927
-0.132387668
-0.036187604
-0.023554442
-0.070682988
-0.085096315
-0.009275357
-0.004333586
0.094931267
0.032170121
0.045611098
0.000668979
0.030811472
-0.056407884
0.110364690
-0.021764038
0.049616389
0.130635694
0.050905205
0.089950815
-0.120961033
-0.057108030
-0.061780803
